100 10
99 7 3 46 33 5 27 76 75 27 37 100 30 10 25 55 67 49 21 69 17 68 19 52 18 63 52 38 42 39 58 69 98 13 15 30 17 41 5 44 19 41 43 48 2 67 3 68 67 23 36 83 91 7 86 60 69 38 97 62 28 7 30 25 19 44 54 87 36 10 30 54 2 25 2 4 91 56 23 58 78 11 92 20 69 78 31 37 15 28 98 42 86 79 19 4 23 72 42 58
29 24 64 35 48 65 90 38 20 65 47 49 75 39 21 43 16 51 31 82 30 80 75 15 58 93 70 80 65 64
5 50 87 53 84 34
48 26 23 40 90 22 40 64 60 60 58 27 63 40 60 44 19 34 11 76 27 32 8 43 95 49 92 81 53 27 14 21 52 37 12 93 58 51 8 69 63 65 47 77 56 6 20 74 39
95 2 65 14 61 59 8 9 50 89 13 29 2 33 32 90 44 25 99 46 32 19 8 49 17 36 4 22 56 78 13 37 31 29 50 91 88 58 51 89 98 15 17 51 47 49 93 42 73 43 39 4 62 99 52 78 34 8 52 89 85 64 78 67 44 79 9 83 88 59 72 85 25 88 36 71 88 28 64 12 70 2 16 83 52 19 13 86 26 64 26 62 79 3 28 74
71 36 57 21 46 28 6 70 67 93 92 55 72 7 66 41 61 33 76 12 4 88 97 81 3 23 95 81 77 22 54 10 10 10 83 7 89 88 29 56 32 72 62 3 79 79 95 91 12 70 2 67 9 51 99 11 25 93 91 1 67 97 63 76 58 45 34 47 84 14 2 15
67 15 69 16 93 63 58 56 85 11 22 93 61 21 4 85 13 46 38 79 94 100 6 52 96 92 98 79 5 51 45 42 17 13 9 9 75 66 65 59 29 38 4 89 10 7 26 75 4 15 5 98 66 11 49 61 54 98 91 10 100 35 4 16 47 12 24 21
5 40 32 58 78 35
71 87 93 75 61 96 89 66 93 54 28 41 66 33 38 56 42 37 90 45 4 36 9 28 9 90 67 40 99 96 26 96 83 18 23 95 13 63 12 6 17 91 98 34 23 88 90 65 76 31 61 80 67 69 59 27 58 25 18 8 21 43 56 55 60 78 1 24 40 13 81 8
10 79 42 26 18 83 42 93 13 2 24
