5556 62
28 3999 4142 5125 1478 939 3670 2233 2053 1137 2650 572 1380 4490 4567 1644 1285 5313 2916 4098 2907 4916 626 1527 3075 3213 520 3919 161
12 5460 1827 4689 4046 1396 5414 4232 4313 2090 5532 5449 3987
20 1273 2921 5113 2164 3453 4117 5079 1994 715 4439 1868 2242 1205 5080 2009 5123 5241 2699 4275 759
74 2764 2154 936 687 911 2274 662 51 5508 456 1323 2872 12 3487 16 3376 2257 1258 4091 387 3125 24 1592 2648 2032 406 1580 3979 4680 2339 5057 1887 3740 5241 1821 3898 1206 2482 3949 1157 2937 4519 3277 2196 1697 3292 16 3954 4549 3354 3588 2117 3377 5179 4013 5408 29 4840 3078 3956 1622 1827 5091 4610 1511 1355 2951 1964 3085 591 3120 5269 5110 840
40 498 4132 1172 3699 2372 3773 1731 3737 1593 1353 2193 692 629 724 3018 4585 1594 4844 4119 647 46 4721 3597 2009 2249 3436 5128 1962 2237 5216 3118 2734 3039 3537 877 5410 1753 2607 3590 2593
92 5030 3284 3836 198 745 2112 1791 4836 5478 2437 4881 4642 5281 1333 1335 2408 153 2544 4644 5368 105 1822 2098 3641 2698 1199 4641 4552 4037 1677 2202 3510 4208 5285 2955 4201 1840 4745 3480 1009 873 2805 95 5402 3385 677 2253 3537 3220 589 2596 3324 2410 3941 656 4355 5140 5296 2598 3620 664 4799 821 4871 3776 3776 3515 4863 2212 1439 316 2333 3491 410 2178 1319 1086 3678 4104 3553 4266 391 568 367 4332 1223 3969 3915 210 1010 1226 873
22 2046 4991 3276 265 2198 2582 1725 3636 2145 4057 818 2554 678 2136 2887 3603 5487 883 1561 322 1450 1175
4 1920 5144 2259 1377
26 2732 1497 4149 4777 932 1868 4290 3129 3698 458 456 5090 4514 521 2088 4439 1904 4222 1733 1835 4353 2541 1404 5050 3716 5304
83 2551 1254 2038 2395 3985 3535 988 2453 3714 2103 1186 534 5048 891 237 4582 4652 757 361 3534 2660 4582 4515 3742 2626 1499 5145 2120 5214 4892 2781 1456 589 4066 3851 4573 2044 4086 718 5005 5436 1903 4786 4176 2794 4270 3201 1137 4274 2809 3919 626 1082 2877 4367 3708 3623 3204 271 3281 2539 2299 4736 2376 808 2278 640 2100 55 1357 796 5491 2508 26 4110 4549 4295 1002 129 3013 3810 4047 2886
4 1367 1696 2290 4990
62 2560 1962 1130 4106 389 3505 4914 1915 3392 1457 1969 4749 2252 1151 1700 1525 5260 692 5068 5509 820 1772 3762 4867 4657 2345 5481 796 4634 4162 4943 886 5371 516 4991 204 3268 3596 1366 1103 4300 3334 5099 244 4485 1242 1768 3436 1181 527 3389 2001 2298 842 559 646 3186 5287 1442 1512 3141 76
76 2955 5395 327 2406 3106 3923 3771 3456 2666 797 2999 2157 5281 3488 3173 2408 4669 3699 240 361 5245 330 167 334 2763 5453 1023 4274 3037 1098 362 436 936 689 2089 3289 3859 304 437 216 1100 2683 2373 72 614 5545 2479 4530 2935 1967 4890 2623 2296 5056 2957 5058 4201 3979 3024 1681 4325 2633 1364 4508 3321 3453 1489 871 3004 1925 1087 3351 4607 2707 3422 4468
10 5148 3442 4877 1558 2023 1944 3853 771 4148 2603
54 1818 70 343 586 2702 1707 5094 5271 4407 1026 5389 1102 2198 919 4452 496 2873 1565 4963 4815 1156 2096 3384 1962 4119 4575 5062 4889 3166 2108 4303 4983 1425 3893 4817 4127 43 4354 3089 3697 4627 2921 4798 1268 3088 2941 1763 404 3753 1169 4467 4909 2513 2294
9 1075 1312 67 5211 3725 2175 3205 2399 3599
60 1659 1417 832 456 4505 4528 4330 1870 3018 41 4205 5206 1051 4608 3403 1468 2766 2003 3980 5059 2564 4302 62 2630 3956 3034 4052 852 5433 1343 2392 1535 2759 2471 1239 956 1443 12 2073 3708 53 721 3357 1103 4576 451 2570 1786 2453 241 536 5016 4542 5402 1338 2189 2879 5389 3040 2755
42 4680 4290 3934 1594 5528 4889 2284 5539 653 435 4839 1373 3040 5190 392 3490 1451 2177 387 1692 1961 4650 677 1806 431 2866 4684 264 349 1883 686 5028 5420 3867 314 5391 2447 2597 4621 3099 3032 3904
30 515 2785 4111 3252 4235 5535 2886 370 1939 1980 1047 3744 1658 3160 2120 1169 2756 4002 1855 1476 3865 165 1789 2947 1860 4385 1259 4958 1108 4410
6 870 1638 2427 4122 317 2405
38 686 3592 2678 980 1779 4336 4139 3898 5504 587 1591 1802 2062 4703 1215 3850 1341 3074 1926 2600 2475 3034 1453 39 3903 3091 1713 2468 3407 3366 3167 3340 649 288 3568 2427 4623 1398
56 3819 1984 855 4868 4045 2 526 1586 1342 2847 3512 3189 4570 237 4642 4608 4139 2176 13 299 4830 2626 2713 1861 3274 3000 5428 4948 1315 1270 4212 4381 3253 5067 3692 990 4316 4218 2575 4905 1508 5334 2538 5325 4818 871 3625 3401 2294 3637 2947 1567 5510 103 2675 3227
37 2547 1866 2912 3816 522 1736 760 4836 5428 1749 2843 3337 3572 1439 4092 2597 3224 3861 1859 4094 1929 4507 831 4813 1145 1645 4766 495 4320 1684 2844 558 2797 5004 4373 3318 431
99 1845 302 573 3935 2886 3392 5374 1422 432 3041 5282 1538 827 902 488 905 158 880 2550 4171 1374 561 5102 3466 1118 2342 2913 4738 4908 3343 3561 444 2893 3381 4379 222 464 4196 891 144 928 5420 1681 1002 765 1417 1907 170 2296 4456 3588 2918 4264 3133 827 4629 4723 2987 3058 4074 773 310 4517 2913 3691 3339 2383 3402 1226 3273 3545 1402 3137 4474 2403 3149 334 4309 2567 1877 2456 598 4794 411 2979 64 5039 2145 3050 2540 662 3071 2850 4426 5231 232 2209 2057 2881
17 4578 870 4083 1406 5343 178 4554 4924 3734 812 1244 634 658 5286 292 3636 5349
36 5028 2091 1562 4937 4409 3659 3806 4083 3138 5262 584 463 2388 5161 1332 162 1010 366 5143 4811 5289 3321 4871 224 3202 5528 5509 3493 2855 4550 2515 2326 1084 4077 1706 5492
30 4759 3266 4565 4465 3849 5027 544 2701 50 5509 2958 415 5096 1461 4951 2860 775 4422 5309 5550 4375 3245 2848 3368 204 4421 3699 3528 5374 2882
15 4576 591 3962 2732 3688 2680 2523 832 2729 2476 3038 2391 1263 4498 1033
97 4520 5455 3122 4513 4273 810 1052 1332 261 4720 4278 3036 4537 851 2434 2804 1441 87 4784 4376 2767 1750 4456 4743 3473 1937 1578 4735 126 2610 2548 4645 1756 113 2849 472 171 3900 1051 5235 2311 4576 2715 539 5426 4396 2590 559 3730 1817 4934 188 2815 3833 4931 731 213 200 4714 338 2057 1705 4230 3813 1066 1522 3532 484 4669 4583 4966 1423 3602 1372 1961 2720 211 4551 3278 3189 59 1903 3376 2873 180 2750 2852 5196 2949 2009 4782 5006 2961 3455 3262 4026 4225
54 3757 3337 5067 3167 4008 2361 4538 5216 5080 3997 4210 2049 1629 3517 3951 5004 81 3378 1446 2932 3018 4394 4188 2243 3091 1593 4945 44 4866 3613 529 3067 1394 4843 5481 5401 1647 4462 4308 418 2902 2962 2466 3778 170 109 3226 250 3486 4671 3182 947 2756 1813
98 5095 2653 1826 5138 1963 5438 4914 5029 523 4201 4953 5171 291 3106 3923 709 5256 576 2422 3477 745 2530 394 242 5264 4312 3423 654 760 4484 2339 298 828 4164 4683 2790 3293 4041 1510 3816 2685 154 2678 2975 3260 1044 2931 2207 1619 4601 4931 1611 822 5325 1853 529 3328 4523 431 3335 2698 2017 3632 3526 624 2007 7 3164 491 1517 1423 3175 1670 4101 5397 4177 4392 2020 827 5259 312 5006 561 1133 4022 2413 910 1793 628 588 4376 3325 2604 2451 542 3227 4457 549
49 4195 1313 753 1061 2982 4101 902 851 2936 2169 925 2638 2480 374 3199 3612 4395 4859 3769 5436 4734 4356 4255 2503 1403 397 2292 3877 4102 2840 3959 2740 4152 4711 3801 826 3255 3950 924 5438 562 1848 1768 2289 1470 4214 344 308 3516
88 4991 2694 2160 3689 4444 2811 3334 427 379 1879 2515 4337 3866 1110 2739 1358 1183 5241 5307 2106 4371 5116 3202 582 1848 4671 4795 1440 4226 2002 4800 3661 3943 651 1041 2078 3461 3622 2505 3840 4748 5019 1868 3058 5376 3855 4415 1003 2787 3414 2356 1601 2973 4805 2182 4069 3167 1420 5508 1837 2670 4751 4745 1056 4649 5033 3134 2554 3099 82 85 2290 5100 1200 5347 4167 5054 3454 4417 2285 559 1217 3133 3531 5269 5315 2043 2880
69 1242 4716 3095 5240 3152 3399 4333 2628 976 578 170 305 5466 1708 4652 1109 746 3262 5411 4199 2123 1387 4757 2587 4519 1980 2299 4277 3270 5178 3951 4512 3585 1489 4195 1180 4887 2971 3808 5110 2796 3225 5414 2705 4932 3757 3814 122 1463 2916 3568 2833 3550 2017 4667 2512 3996 1409 481 957 279 4431 5468 3111 5167 3355 3539 3746 17
61 3299 2813 4262 2405 5517 2886 5409 3022 3007 563 5185 266 3395 3178 2282 2505 134 5525 3162 5418 926 2688 3540 85 242 3150 3439 3780 587 3456 4817 3886 5516 2771 5538 4724 100 5390 1438 2354 5201 1066 1867 3039 4244 4149 4792 3625 4117 1645 2734 4290 4332 717 4375 4573 3114 1505 2045 3701 4208
6 2030 4167 3323 1259 2583 2670
43 4020 4271 5540 5085 582 2271 3020 4730 754 336 2538 2398 3069 520 1173 3785 4142 4993 1343 90 1481 5043 4298 2034 764 2156 4604 1270 4738 1718 1609 2449 432 841 1978 261 2359 4245 4990 3112 4581 1220 5509
94 987 1125 322 5128 561 912 5217 1290 398 3206 2571 409 5362 1618 1678 3791 2583 2534 684 3015 3374 1909 3275 176 597 1957 2535 5177 2424 2487 1714 3410 2859 1283 2229 2668 2194 1889 3957 1839 4343 971 2247 4148 1836 3924 1630 4419 901 1561 1125 3523 3469 3647 2946 4066 47 5481 2934 1718 1659 4647 4375 4518 373 1047 1629 1814 2184 4833 3652 970 5051 342 4365 1330 3513 438 4996 3662 1999 564 876 4715 4211 3821 2472 3505 2993 5406 4471 4652 4496 3289
26 4117 3584 4489 374 211 3013 3274 1180 2507 2863 5544 3084 820 5229 2524 3729 919 2335 3852 78 237 2116 2549 3742 4357 2398
69 3452 586 5192 756 3950 3219 5244 4323 3429 2700 1288 3856 4454 4151 3091 1229 4218 2764 3752 1638 3682 5335 5489 3007 15 1296 4804 3004 96 893 4907 2795 1478 3791 3550 5427 1453 2485 3442 4130 4432 4729 2429 2577 2571 5520 3806 1232 1975 1249 2869 100 1027 2049 2355 290 3345 850 3293 3440 1742 1892 679 2468 126 3476 2338 1578 5209
76 4955 4084 3448 1828 1105 462 1039 4910 942 3013 602 3810 2360 877 5107 4714 1166 2895 7 3706 26 997 41 5508 3464 4970 3428 245 240 3080 4520 5194 855 2411 713 1959 2120 1751 560 3061 4763 410 563 1567 534 113 5528 1699 3007 4783 4652 3032 223 3941 2984 3686 3354 103 3178 2841 3182 2141 2479 3284 3799 3191 4491 363 4942 5050 3423 4148 4707 3985 4962 5240
76 4934 630 795 4160 4530 3075 4382 2914 502 2511 5515 5408 4936 2800 2281 1521 4526 8 5319 2160 4498 4929 793 3240 2796 4189 2390 472 3594 1322 4569 2219 1199 4611 822 172 2129 4451 2333 1878 653 2292 1729 33 4339 4009 801 3308 4017 5367 4715 2958 4740 4756 641 1979 3388 2279 1698 673 2848 5514 2892 4046 4569 2961 4218 1141 1856 994 3019 2508 2533 3995 1788 1315
87 2588 3870 908 2399 2277 3113 1582 1476 3002 2808 4111 4528 4505 4031 1819 4463 1366 308 2723 3575 4525 3111 5430 4767 5377 1629 1743 3816 3417 2306 707 448 5423 862 2846 2143 3222 3675 2866 5471 174 1420 4442 3927 5451 5508 2833 508 260 4803 4082 4032 2357 3203 2490 2178 4832 4233 437 2692 230 391 2387 96 500 4481 1487 3721 1847 4352 2884 2021 5020 1769 391 4162 1721 2471 3917 1228 1717 1691 4507 3321 4893 1441 5498
7 4921 378 551 5150 16 2186 4493
16 1110 5227 3484 2956 3271 811 4976 1982 1827 4614 587 2795 776 3751 4022 2492
46 2973 257 4026 3661 5002 1885 3025 4628 1684 1866 4643 3869 802 5158 4978 5277 2333 1625 2991 3143 293 4972 4217 4906 4806 1456 126 3000 5477 1865 2133 2141 1369 5406 5049 815 1734 2517 5442 3417 4382 4528 977 4432 3377 5202
99 4957 1271 834 2543 1563 249 452 912 5054 1907 285 1745 1075 2150 3877 2464 3518 2974 1956 3580 4708 4473 3465 1816 2546 1685 2793 669 4309 1686 4068 3710 2956 4901 5500 4518 5149 395 4678 3894 2301 4962 83 2624 803 3207 5087 3569 625 1486 1592 4580 5206 5057 839 2196 433 2879 2112 4741 4565 624 2142 1212 5524 2086 174 5117 1728 4099 3454 3277 2752 2784 344 3555 435 5430 1567 307 607 3158 4886 257 1906 4972 1700 1586 1543 3811 19 5355 4434 2160 1010 3650 3493 431 3210
92 3777 355 2189 973 2387 2532 4527 2069 1653 537 2375 2259 2942 952 1763 4096 5171 3462 125 1157 1717 4947 203 5398 1551 461 3491 4291 891 392 3203 3916 5551 5391 4888 1629 2366 3858 3697 3266 3642 5319 5525 275 714 1731 4370 328 4441 3743 733 601 3133 183 5246 3931 643 2429 2666 782 2068 312 4697 2062 147 4028 3690 1760 1577 1078 5026 5218 840 4242 5492 801 5220 3554 1129 4104 988 1109 3952 3368 1291 3642 991 1934 5318 3656 1963 1829
70 1103 3891 2609 5130 1272 3617 1150 2350 2334 59 2437 1019 4798 3238 5486 2043 3614 4034 3030 4722 2429 90 5260 5318 1080 885 5079 4735 2847 1352 1641 3197 4490 4250 2018 5009 1558 2415 1050 3891 2473 3487 4157 963 1168 4086 3005 4029 2563 479 2442 4240 5372 2145 4001 895 2278 2772 4877 4372 4123 961 2013 2304 4458 4030 1756 5263 889 2054
60 2609 5540 1445 3571 399 5531 1020 4427 1785 746 560 5272 561 2704 3717 703 4229 180 23 3045 4302 231 5057 297 3937 3530 1300 3643 3666 3353 1684 719 2584 2376 3537 2982 2350 3804 1100 3383 4549 1659 3098 4357 3611 506 4307 2283 685 4329 5327 4234 4560 4075 4530 2188 1297 274 274 4962
97 1205 4928 5458 3581 2157 2883 5178 404 3231 3004 4201 4137 5350 2249 1439 299 1000 2970 232 5328 2740 4465 3579 507 2687 210 1803 2208 5288 1208 5081 936 5384 4982 4516 1984 1557 4138 1635 4035 833 279 2615 626 2528 4054 173 3527 715 5208 2546 3454 4116 5373 3208 494 26 5010 2701 4561 5466 2226 5497 5293 899 4456 968 2455 2285 2602 933 2366 2881 2796 2991 4656 541 2411 1874 1255 2062 4419 3956 5426 4235 1608 363 3509 1061 2312 2513 970 3785 1701 5510 4683 5405
28 1582 1381 2771 1762 3746 4899 4557 1181 3998 4345 2839 5119 43 4901 3229 3999 4018 1156 50 4380 4664 358 1135 868 1328 4167 1817 529
99 1665 698 4123 3045 3468 5132 1235 2810 3381 1663 499 2169 3749 4865 2212 3093 2537 5458 802 3692 5507 5182 2047 5112 8 2163 131 4175 3979 660 1160 87 1357 4530 2379 4072 4105 2861 573 1929 3771 1071 4098 1964 379 753 4304 2163 5458 5106 299 4656 3979 2345 4211 3234 4507 4342 1852 2929 4249 2259 2263 49 1232 3890 3368 5337 1194 3940 957 4213 5010 5054 620 4636 5054 4171 1242 4955 3720 788 4054 1390 3133 1957 4624 1331 742 919 4260 4990 2426 214 4286 3657 4103 2097 2685
72 480 3642 3201 4737 3139 3068 3064 1885 1682 3553 1283 4650 4341 4585 483 1165 985 5106 2495 974 5273 1198 5211 2142 660 3940 5046 4762 5284 1423 2998 5011 5064 642 3439 1894 2957 946 3026 4639 3746 3557 3732 2530 2585 3462 3694 2817 3012 5437 3790 2728 326 3444 4117 985 1075 2854 4995 50 4276 2436 5060 3031 2326 2190 4925 5282 3135 1642 4364 1324
99 1787 3102 2226 5249 487 4290 1952 367 2523 3927 693 5214 2487 1677 5536 4588 363 29 3308 2799 4336 30 4372 969 4202 4097 3351 288 2153 3923 5485 3187 1468 1403 2127 1954 136 4078 1569 1907 2448 2261 1564 4182 3185 792 2462 2796 68 5017 4842 4404 5046 3657 4620 3692 1445 1663 3979 2845 29 3155 5280 744 4557 1850 1945 4693 5176 3513 291 2067 5021 1854 5497 1898 2645 2402 4693 2713 1862 3978 808 599 2078 4675 4290 2770 781 1960 59 57 5115 5338 800 3363 879 2745 1747
67 5505 2037 1813 4970 3891 1001 559 227 2650 5251 2187 3759 3672 2242 4357 4997 609 2339 1458 637 4298 764 694 3104 5349 741 911 672 2733 2657 1169 2682 4694 2229 1343 2276 3229 1901 1750 322 843 3185 4080 3762 4674 2881 3202 5282 5219 3907 363 3208 4671 304 756 4463 1044 1666 5134 3777 3570 5551 150 1955 2223 1492 4230
49 2640 5228 5021 3482 2856 3545 1687 1973 117 4136 1699 4583 2486 1309 2234 848 1612 2989 5311 2655 3902 4136 123 1916 4130 272 3870 45 1011 1792 4744 2898 1463 3456 823 3566 692 1757 4786 808 336 176 4638 2070 1484 1316 2165 2343 3552
44 4998 1898 5303 4368 3061 3124 3888 622 3168 4898 2413 1603 2240 3123 5059 2310 380 4998 4067 5166 250 3650 5341 4887 4967 517 5450 1576 2859 3446 2742 1548 4591 2488 360 1343 56 3495 1964 2471 2836 3625 4074 4323
16 2824 325 819 2265 4391 5232 1762 1732 4264 341 391 4028 5038 1214 1331 2175
20 2126 1209 135 1733 2551 190 5227 3763 1908 1755 1831 5229 5325 1517 1744 93 2335 3257 3731 1258
5 4711 5522 4606 5101 3241
95 758 4571 5510 3960 389 1163 4094 2121 2961 3531 1040 1167 4687 2794 2245 4359 2562 3762 547 1903 5344 3803 77 1046 2512 4787 259 810 4331 3499 4145 4336 1762 4098 2740 2150 5260 525 3518 1913 3304 4557 3079 2434 1042 5324 1236 2852 3529 1030 4754 3316 4832 4830 3609 1036 3309 3115 1845 1331 1058 433 111 2067 3778 2098 3464 2730 1870 673 4642 4421 5230 2164 1298 5519 1179 1782 2814 3955 2811 1259 963 1335 5337 4571 2370 3089 1378 3462 3667 1683 3142 3025 3749
